0 0 -1 -1
1 0 110 150
2 0 -1 -1
190 0 24 100
195 0 39 100
200 0 54 100
205 0 69 100
210 0 84 100
215 0 99 100
220 0 114 100
225 0 129 100
230 0 144 100
235 0 160 100
240 0 175 100
245 0 190 100
250 0 205 100
255 0 220 100
260 0 235 100
265 0 250 100
270 0 265 100
275 0 280 100
280 0 296 100
285 0 280 100
290 0 265 100
295 0 250 100
300 0 235 100
305 0 220 100
310 0 205 100
315 0 190 100
320 0 175 100
325 0 160 100
330 0 144 100
335 0 129 100
340 0 114 100
345 0 99 100
350 0 84 100
355 0 69 100
360 0 54 100
365 0 39 100
370 0 24 100
375 0 39 100
380 0 54 100
385 0 69 100
390 0 84 100
395 0 99 100
400 0 114 100
405 0 129 100
410 0 144 100
415 0 160 100
420 0 175 100
425 0 190 100
430 0 205 100
435 0 220 100
440 0 235 100
445 0 250 100
450 0 265 100
455 0 280 100
460 0 296 100
465 0 280 100
470 0 265 100
475 0 250 100
480 0 235 100
485 0 220 100
490 0 205 100
495 0 190 100
500 0 175 100
505 0 160 100
510 0 144 100
515 0 129 100
520 0 114 100
525 0 99 100
530 0 84 100
535 0 69 100
540 0 54 100
545 0 39 100
550 0 24 100
555 0 39 100
560 0 54 100
565 0 69 100
570 0 84 100
575 0 99 100
580 0 114 100
585 0 129 100
590 0 144 100
595 0 160 100
600 0 175 100
605 0 190 100
610 0 205 100
615 0 220 100
620 0 235 100
625 0 250 100
630 0 265 100
635 0 280 100
640 0 296 100
645 0 280 100
650 0 265 100
655 0 250 100
660 0 235 100
665 0 220 100
670 0 205 100
675 0 190 100
680 0 175 100
685 0 160 100
690 0 144 100
695 0 129 100
700 0 114 100
705 0 99 100
710 0 84 100
715 0 69 100
720 0 54 100
725 0 39 100
730 0 24 100
735 0 39 100
740 0 54 100
745 0 69 100
750 0 84 100
755 0 99 100
760 0 114 100
765 0 129 100
770 0 144 100
775 0 160 100
780 0 175 100
785 0 190 100
790 0 205 100
795 0 220 100
800 0 235 100
805 0 250 100
810 0 265 100
815 0 280 100
820 0 296 100
825 0 280 100
830 0 265 100
835 0 250 100
840 0 235 100
845 0 220 100
850 0 205 100
855 0 190 100
860 0 175 100
865 0 160 100
870 0 144 100
875 0 129 100
880 0 114 100
882 0 -1 -1
900 32 -1 -1
901 0 -1 -1
970 1 -1 -1
971 0 -1 -1
1010 16 -1 -1
1011 0 -1 -1
1050 16 -1 -1
1051 0 -1 -1
1090 64 -1 -1
1091 0 -1 -1
1120 16 -1 -1
1121 0 -1 -1
1150 16 -1 -1
1151 0 -1 -1
1180 64 -1 -1
1181 0 -1 -1
1210 16 -1 -1
1211 0 -1 -1
1240 16 -1 -1
1241 0 -1 -1
1270 64 -1 -1
1271 0 -1 -1
1300 16 -1 -1
1301 0 -1 -1
1330 16 -1 -1
1331 0 -1 -1
1360 64 -1 -1
1361 0 -1 -1
1390 16 -1 -1
1391 0 -1 -1
1420 16 -1 -1
1421 0 -1 -1
1450 64 -1 -1
1451 0 -1 -1
1480 16 -1 -1
1481 0 -1 -1
1510 16 -1 -1
1511 0 -1 -1
1540 64 -1 -1
1541 0 -1 -1
1570 16 -1 -1
1571 0 -1 -1
1600 16 -1 -1
1601 0 -1 -1
1630 64 -1 -1
1631 0 -1 -1
1660 16 -1 -1
1661 0 -1 -1
1690 16 -1 -1
1691 0 -1 -1
1720 64 -1 -1
1721 0 -1 -1
1750 16 -1 -1
1751 0 -1 -1
1780 16 -1 -1
1781 0 -1 -1
1810 64 -1 -1
1811 0 -1 -1
1840 16 -1 -1
1841 0 -1 -1
1870 16 -1 -1
1871 0 -1 -1
1900 64 -1 -1
1901 0 -1 -1
1930 16 -1 -1
1931 0 -1 -1
